169
6
95
255
90
1
167
156
247
232
71
139
14
6
179
63
59
17
57
83
75
121
45
92
111
3
231
88
13
152
73
41
176
26
38
89
191
52
175
31
211
168
74
151
13
193
250
148
237
115
193
15
203
147
184
193
188
26
123
167
73
184
62
187
122
54
146
114
97
250
187
117
36
170
166
221
48
248
77
90
250
176
8
208
66
79
222
33
130
157
158
223
46
243
186
110
84
138
153
100
65
164
7
23
93
43
46
108
239
20
55
44
125
122
22
84
65
179
66
252
114
1
131
21
73
172
77
6
231
135
140
177
179
236
172
223
153
1
61
55
249
103
44
10
141
88
115
169
124
255
